%YAML:1.0
calibration_time: "Tue Jan 12 15:27:31 2016"
image_width: 1920
image_height: 1080
board_width: 8
board_height: 6
square_size: 0.025
flags: 0
camera_matrix: !!opencv-matrix
   rows: 3
   cols: 3
   dt: d
   data: [1499.137795, 0.000000, 967.812559, 0.000000, 1502.565724, 562.783866, 0.000000, 0.000000, 1.000000]
distortion_coefficients: !!opencv-matrix
   rows: 5
   cols: 1
   dt: d
   data: [ 0.307289, -0.595430, -0.000126, 0.002014, 0.000000 ]